6.95999	0.02439	0.06052	0.06378	0.01737	0.03396	0.71492	0.60268	0.25559	0.24764	0.01181
45	7	15	15	4	10	40	33	25	25	3									
0	579	1082	1496	3.84	2279	7786	14335	28725	44445.1	59064
0	100	200	300	40	400	600	800	1000	1200	1400					
0	1407	5832	23.9	655.2	24.6	9.9	10.7	17.2	16.1	153.3
0	88	224.7	365.2	27.3	687	4331	10747	30589	59800	90560
7.25	0.01	177.4	23.4	6.7	25.2	3.1	26.7	96.7	28.3	122.5
0	7.01	3.39	0	0	1.85	1.31	2.49	0.77	1.77	17.14
0	48.34	76.67	0	0	49.71	100.29	113.54	73.96	131.79	113.77
0	77.46	131.77	102.93	0	336.08	14.27	92.86	172.43	46.68	110.31
0	0.20564	0.00676	0.01673	0	0.09337	0.04854	0.05551	0.04686	0.00895	0.24897
